[18.0, 1.0, 3.0, 2.0, 3.0, 1.0, 2.0, 2.0, 2.0, 3.0, 15.0, 7.0, 2.0, 2.5, 1.5, 5.0, 10.0, 62.0]
[20.0, 2.0, 3.0, 2.0, 0.0, 1.0, 2.0, 2.0, 2.0, 1.5, 15.0, 10.0, 0.0, 0.0, 3.0, 5.0, 10.0, 58.5]
[3.0, 2.0, 3.0, 1.0, 2.0, 1.0, 2.0, 2.0, 2.0, 3.0, 15.0, 10.0, 1.0, 5.0, 3.0, 18.0, 15.0, 85.0]
[6.0, 2.0, 3.0, 2.0, 3.0, 1.0, 2.0, 2.0, 0.0, 3.0, 15.0, 7.0, 2.0, 9.0, 3.0, 13.0, 15.0, 82.0]
[7.0, 2.0, 3.0, 1.0, 1.5, 1.0, 2.0, 0.0, 0.0, 3.0, 5.0, 4.0, 0.0, 0.0, 3.0, 17.0, 10.0, 52.5]
[10.0, 2.0, 3.0, 2.0, 1.5, 1.0, 2.0, 0.0, 2.0, 3.0, 11.0, 1.0, 2.0, 10.0, 1.5, 7.0, 10.0, 59.0]
[13.0, 2.0, 3.0, 2.0, 1.5, 1.0, 2.0, 2.0, 2.0, 3.0, 14.5, 10.0, 2.0, 2.0, 3.0, 25.0, 15.0, 90.0]
[15.0, 2.0, 3.0, 1.0, 2.0, 1.0, 2.0, 2.0, 2.0, 3.0, 15.0, 10.0, 2.0, 4.0, 1.5, 2.0, 15.0, 67.5]
[16.0, 2.0, 3.0, 1.0, 0.0, 1.0, 2.0, 2.0, 2.0, 3.0, 3.0, 9.0, 1.0, 0.0, 3.0, 20.0, 15.0, 67.0]
[17.0, 2.0, 3.0, 1.0, 2.0, 1.0, 2.0, 2.0, 2.0, 3.0, 15.0, 10.0, 2.0, 10.0, 3.0, 24.0, 15.0, 97.0]
[18.0, 1.0, 3.0, 2.0, 3.0, 1.0, 2.0, 2.0, 2.0, 3.0, 15.0, 7.0, 2.0, 2.5, 1.5, 5.0, 10.0, 62.0]
[20.0, 2.0, 3.0, 2.0, 0.0, 1.0, 2.0, 2.0, 2.0, 1.5, 15.0, 10.0, 0.0, 0.0, 3.0, 5.0, 10.0, 58.5]
[3.0, 2.0, 3.0, 1.0, 2.0, 1.0, 2.0, 2.0, 2.0, 3.0, 15.0, 10.0, 1.0, 5.0, 3.0, 18.0, 15.0, 85.0]
[6.0, 2.0, 3.0, 2.0, 3.0, 1.0, 2.0, 2.0, 0.0, 3.0, 15.0, 7.0, 2.0, 9.0, 3.0, 13.0, 15.0, 82.0]
[7.0, 2.0, 3.0, 1.0, 1.5, 1.0, 2.0, 0.0, 0.0, 3.0, 5.0, 4.0, 0.0, 0.0, 3.0, 17.0, 10.0, 52.5]
[3.0, 2.0, 3.0, 1.0, 2.0, 1.0, 2.0, 2.0, 2.0, 3.0, 15.0, 10.0, 1.0, 5.0, 3.0, 18.0, 15.0, 85.0]
[6.0, 2.0, 3.0, 2.0, 3.0, 1.0, 2.0, 2.0, 0.0, 3.0, 15.0, 7.0, 2.0, 9.0, 3.0, 13.0, 15.0, 82.0]
[7.0, 2.0, 3.0, 1.0, 1.5, 1.0, 2.0, 0.0, 0.0, 3.0, 5.0, 4.0, 0.0, 0.0, 3.0, 17.0, 10.0, 52.5]
[10.0, 2.0, 3.0, 2.0, 1.5, 1.0, 2.0, 0.0, 2.0, 3.0, 11.0, 1.0, 2.0, 10.0, 1.5, 7.0, 10.0, 59.0]
[13.0, 2.0, 3.0, 2.0, 1.5, 1.0, 2.0, 2.0, 2.0, 3.0, 14.5, 10.0, 2.0, 2.0, 3.0, 25.0, 15.0, 90.0]
[15.0, 2.0, 3.0, 1.0, 2.0, 1.0, 2.0, 2.0, 2.0, 3.0, 15.0, 10.0, 2.0, 4.0, 1.5, 2.0, 15.0, 67.5]
[3.0, 2.0, 3.0, 1.0, 2.0, 1.0, 2.0, 2.0, 2.0, 3.0, 15.0, 10.0, 1.0, 5.0, 3.0, 18.0, 15.0, 85.0]
[6.0, 2.0, 3.0, 2.0, 3.0, 1.0, 2.0, 2.0, 0.0, 3.0, 15.0, 7.0, 2.0, 9.0, 3.0, 13.0, 15.0, 82.0]
[7.0, 2.0, 3.0, 1.0, 1.5, 1.0, 2.0, 0.0, 0.0, 3.0, 5.0, 4.0, 0.0, 0.0, 3.0, 17.0, 10.0, 52.5]
[10.0, 2.0, 3.0, 2.0, 1.5, 1.0, 2.0, 0.0, 2.0, 3.0, 11.0, 1.0, 2.0, 10.0, 1.5, 7.0, 10.0, 59.0]
[13.0, 2.0, 3.0, 2.0, 1.5, 1.0, 2.0, 2.0, 2.0, 3.0, 14.5, 10.0, 2.0, 2.0, 3.0, 25.0, 15.0, 90.0]
[15.0, 2.0, 3.0, 1.0, 2.0, 1.0, 2.0, 2.0, 2.0, 3.0, 15.0, 10.0, 2.0, 4.0, 1.5, 2.0, 15.0, 67.5]
[16.0, 2.0, 3.0, 1.0, 0.0, 1.0, 2.0, 2.0, 2.0, 3.0, 3.0, 9.0, 1.0, 0.0, 3.0, 20.0, 15.0, 67.0]
[17.0, 2.0, 3.0, 1.0, 2.0, 1.0, 2.0, 2.0, 2.0, 3.0, 15.0, 10.0, 2.0, 10.0, 3.0, 24.0, 15.0, 97.0]
[18.0, 1.0, 3.0, 2.0, 3.0, 1.0, 2.0, 2.0, 2.0, 3.0, 15.0, 7.0, 2.0, 2.5, 1.5, 5.0, 10.0, 62.0]
[20.0, 2.0, 3.0, 2.0, 0.0, 1.0, 2.0, 2.0, 2.0, 1.5, 15.0, 10.0, 0.0, 0.0, 3.0, 5.0, 10.0, 58.5]
[24.0, 2.0, 3.0, 1.0, 1.5, 1.0, 2.0, 2.0, 2.0, 3.0, 11.0, 1.0, 0.0, 0.0, 3.0, 0.0, 0.0, 32.5]
[27.0, 2.0, 3.0, 1.0, 2.0, 1.0, 2.0, 0.0, 2.0, 3.0, 15.0, 9.0, 0.0, 0.0, 0.0, 24.5, 10.0, 74.5]
[28.0, 2.0, 3.0, 1.0, 2.0, 1.0, 2.0, 2.0, 2.0, 0.0, 15.0, 8.5, 2.0, 4.0, 3.0, 19.0, 13.0, 79.5]
[29.0, 2.0, 3.0, 2.0, 0.0, 1.0, 2.0, 2.0, 2.0, 3.0, 15.0, 10.0, 2.0, 10.0, 3.0, 25.0, 15.0, 97.0]
[30.0, 0.0, 0.0, 2.0, 0.0, 0.0, 0.0, 0.0, 0.0, 0.0, 3.0, 2.0, 0.0, 0.0, 0.0, 0.0, 0.0, 7.0]
[32.0, 2.0, 3.0, 2.0, 1.5, 1.0, 2.0, 2.0, 2.0, 3.0, 15.0, 10.0, 2.0, 10.0, 3.0, 12.0, 5.0, 75.5]
[36.0, 2.0, 3.0, 1.0, 0.0, 1.0, 1.0, 0.0, 2.0, 3.0, 13.0, 9.0, 2.0, 10.0, 3.0, 16.0, 13.0, 79.0]
[37.0, 2.0, 3.0, 1.0, 0.0, 0.0, 2.0, 0.0, 2.0, 0.0, 8.0, 1.0, 0.0, 0.0, 0.0, 0.0, 0.0, 19.0]
[39.0, 2.0, 3.0, 2.0, 0.0, 0.0, 0.0, 0.0, 2.0, 0.0, 3.0, 4.0, 0.0, 0.0, 0.0, 10.0, 15.0, 41.0]
[41.0, 2.0, 3.0, 2.0, 3.0, 1.0, 2.0, 2.0, 2.0, 3.0, 13.0, 10.0, 2.0, 10.0, 3.0, 25.0, 15.0, 98.0]
[44.0, 2.0, 3.0, 1.0, 2.0, 1.0, 2.0, 2.0, 2.0, 3.0, 3.0, 7.0, 0.0, 5.0, 3.0, 4.0, 10.0, 50.0]
[46.0, 2.0, 3.0, 1.0, 0.0, 1.0, 2.0, 0.0, 0.0, 0.0, 2.0, 1.0, 0.0, 0.0, 0.0, 0.0, 0.0, 12.0]
[48.0, 2.0, 3.0, 2.0, 3.0, 1.0, 2.0, 2.0, 2.0, 3.0, 15.0, 7.0, 0.0, 2.5, 2.0, 10.0, 15.0, 71.5]
[51.0, 1.5, 0.0, 0.0, 0.0, 1.0, 2.0, 2.0, 2.0, 0.0, 0.0, 0.0, 0.0, 0.0, 0.0, 0.0, 0.0, 8.5]
[53.0, 1.0, 3.0, 1.0, 1.0, 1.0, 2.0, 2.0, 2.0, 3.0, 15.0, 7.0, 1.0, 8.0, 1.5, 12.0, 10.0, 70.5]
[56.0, 2.0, 3.0, 2.0, 2.0, 1.0, 2.0, 2.0, 0.0, 0.0, 15.0, 10.0, 1.0, 4.0, 1.5, 18.0, 8.0, 71.5]
[59.0, 2.0, 3.0, 2.0, 0.0, 1.0, 2.0, 2.0, 2.0, 3.0, 3.0, 7.0, 2.0, 8.0, 3.0, 0.0, 0.0, 40.0]
[62.0, 2.0, 3.0, 1.0, 0.0, 1.0, 2.0, 2.0, 2.0, 3.0, 3.0, 3.0, 0.0, 0.0, 0.0, 0.0, 0.0, 22.0]
[63.0, 2.0, 3.0, 2.0, 2.0, 1.0, 2.0, 2.0, 2.0, 3.0, 7.0, 6.0, 2.0, 10.0, 3.0, 12.0, 10.0, 69.0]
[66.0, 2.0, 3.0, 2.0, 3.0, 1.0, 2.0, 2.0, 2.0, 3.0, 15.0, 10.0, 2.0, 8.0, 3.0, 18.0, 10.0, 86.0]
[67.0, 2.0, 3.0, 1.0, 2.0, 1.0, 2.0, 2.0, 2.0, 3.0, 14.5, 10.0, 2.0, 8.0, 3.0, 15.0, 10.0, 80.5]
[68.0, 2.0, 3.0, 2.0, 3.0, 1.0, 2.0, 2.0, 1.5, 3.0, 13.0, 7.0, 2.0, 10.0, 3.0, 5.0, 3.0, 62.5]
[72.0, 2.0, 3.0, 2.0, 2.0, 1.0, 2.0, 2.0, 2.0, 3.0, 15.0, 7.0, 2.0, 10.0, 3.0, 24.0, 15.0, 95.0]
[73.0, 2.0, 3.0, 1.0, 0.0, 1.0, 2.0, 0.0, 0.0, 3.0, 3.0, 4.0, 0.0, 0.0, 1.5, 3.0, 5.0, 28.5]
[74.0, 1.5, 2.0, 1.5, 0.0, 1.0, 2.0, 0.0, 2.0, 3.0, 3.0, 2.0, 0.0, 0.0, 0.0, 0.0, 0.0, 18.0]
[76.0, 2.0, 3.0, 2.0, 1.5, 1.0, 2.0, 2.0, 2.0, 2.0, 15.0, 10.0, 2.0, 10.0, 3.0, 24.0, 12.0, 93.5]
[78.0, 2.0, 3.0, 1.0, 2.0, 1.0, 2.0, 2.0, 2.0, 3.0, 15.0, 4.0, 0.0, 5.0, 1.5, 24.5, 10.0, 78.0]
[81.0, 2.0, 3.0, 1.0, 0.0, 1.0, 2.0, 2.0, 2.0, 3.0, 15.0, 7.0, 2.0, 4.0, 3.0, 25.0, 15.0, 87.0]
[83.0, 2.0, 3.0, 2.0, 0.0, 1.0, 2.0, 0.0, 2.0, 0.0, 3.0, 3.0, 2.0, 4.0, 1.5, 10.0, 0.0, 35.5]
[85.0, 2.0, 3.0, 2.0, 1.5, 1.0, 2.0, 2.0, 2.0, 3.0, 13.0, 10.0, 2.0, 0.0, 1.5, 25.0, 12.0, 82.0]
[86.0, 2.0, 3.0, 2.0, 3.0, 1.0, 2.0, 2.0, 2.0, 3.0, 15.0, 10.0, 1.0, 5.0, 3.0, 25.0, 15.0, 94.0]
[87.0, 2.0, 3.0, 1.5, 1.5, 1.0, 2.0, 2.0, 2.0, 3.0, 3.0, 4.0, 0.0, 0.0, 0.0, 8.0, 13.0, 46.0]
[88.0, 2.0, 3.0, 1.0, 2.0, 1.0, 2.0, 2.0, 2.0, 3.0, 15.0, 10.0, 2.0, 8.0, 3.0, 25.0, 15.0, 96.0]
[89.0, 2.0, 3.0, 1.5, 0.0, 1.0, 2.0, 0.0, 2.0, 3.0, 0.0, 2.0, 0.0, 0.0, 0.0, 0.0, 0.0, 16.5]
[92.0, 1.5, 3.0, 1.0, 0.0, 1.0, 2.0, 0.0, 2.0, 0.0, 3.0, 6.0, 0.0, 0.0, 0.0, 0.0, 0.0, 19.5]
[93.0, 2.0, 3.0, 2.0, 1.5, 1.0, 2.0, 2.0, 2.0, 3.0, 3.0, 6.0, 0.0, 0.0, 1.5, 24.0, 13.0, 66.0]
[96.0, 2.0, 3.0, 2.0, 1.5, 1.0, 2.0, 2.0, 2.0, 3.0, 15.0, 7.0, 2.0, 10.0, 3.0, 12.0, 10.0, 77.5]
[98.0, 2.0, 3.0, 1.0, 2.0, 1.0, 2.0, 2.0, 2.0, 3.0, 13.0, 10.0, 2.0, 4.0, 1.5, 10.0, 8.0, 66.5]
[99.0, 1.5, 3.0, 0.0, 0.0, 1.0, 2.0, 0.0, 2.0, 0.0, 0.0, 0.0, 0.0, 0.0, 0.0, 0.0, 0.0, 9.5]
[100.0, 2.0, 3.0, 1.0, 1.5, 1.0, 2.0, 2.0, 2.0, 3.0, 13.0, 7.0, 2.0, 8.0, 1.5, 24.0, 10.0, 83.0]
[101.0, 2.0, 3.0, 0.5, 1.0, 1.0, 2.0, 0.0, 0.0, 3.0, 3.0, 3.0, 0.0, 0.0, 0.0, 0.0, 0.0, 18.5]
[106.0, 2.0, 3.0, 1.5, 0.0, 1.0, 2.0, 2.0, 2.0, 3.0, 3.0, 4.0, 0.0, 0.0, 0.0, 7.0, 15.0, 45.5]
[3.0, 2.0, 3.0, 1.0, 2.0, 1.0, 2.0, 2.0, 2.0, 3.0, 15.0, 10.0, 1.0, 5.0, 3.0, 18.0, 15.0, 85.0]
[6.0, 2.0, 3.0, 2.0, 3.0, 1.0, 2.0, 2.0, 0.0, 3.0, 15.0, 7.0, 2.0, 9.0, 3.0, 13.0, 15.0, 82.0]
[7.0, 2.0, 3.0, 1.0, 1.5, 1.0, 2.0, 0.0, 0.0, 3.0, 5.0, 4.0, 0.0, 0.0, 3.0, 17.0, 10.0, 52.5]
[10.0, 2.0, 3.0, 2.0, 1.5, 1.0, 2.0, 0.0, 2.0, 3.0, 11.0, 1.0, 2.0, 10.0, 1.5, 7.0, 10.0, 59.0]
[13.0, 2.0, 3.0, 2.0, 1.5, 1.0, 2.0, 2.0, 2.0, 3.0, 14.5, 10.0, 2.0, 2.0, 3.0, 25.0, 15.0, 90.0]
[15.0, 2.0, 3.0, 1.0, 2.0, 1.0, 2.0, 2.0, 2.0, 3.0, 15.0, 10.0, 2.0, 4.0, 1.5, 2.0, 15.0, 67.5]
[16.0, 2.0, 3.0, 1.0, 0.0, 1.0, 2.0, 2.0, 2.0, 3.0, 3.0, 9.0, 1.0, 0.0, 3.0, 20.0, 15.0, 67.0]
[17.0, 2.0, 3.0, 1.0, 2.0, 1.0, 2.0, 2.0, 2.0, 3.0, 15.0, 10.0, 2.0, 10.0, 3.0, 24.0, 15.0, 97.0]
[18.0, 1.0, 3.0, 2.0, 3.0, 1.0, 2.0, 2.0, 2.0, 3.0, 15.0, 7.0, 2.0, 2.5, 1.5, 5.0, 10.0, 62.0]
[20.0, 2.0, 3.0, 2.0, 0.0, 1.0, 2.0, 2.0, 2.0, 1.5, 15.0, 10.0, 0.0, 0.0, 3.0, 5.0, 10.0, 58.5]
[24.0, 2.0, 3.0, 1.0, 1.5, 1.0, 2.0, 2.0, 2.0, 3.0, 11.0, 1.0, 0.0, 0.0, 3.0, 0.0, 0.0, 32.5]
[27.0, 2.0, 3.0, 1.0, 2.0, 1.0, 2.0, 0.0, 2.0, 3.0, 15.0, 9.0, 0.0, 0.0, 0.0, 24.5, 10.0, 74.5]
[28.0, 2.0, 3.0, 1.0, 2.0, 1.0, 2.0, 2.0, 2.0, 0.0, 15.0, 8.5, 2.0, 4.0, 3.0, 19.0, 13.0, 79.5]
[29.0, 2.0, 3.0, 2.0, 0.0, 1.0, 2.0, 2.0, 2.0, 3.0, 15.0, 10.0, 2.0, 10.0, 3.0, 25.0, 15.0, 97.0]
[30.0, 0.0, 0.0, 2.0, 0.0, 0.0, 0.0, 0.0, 0.0, 0.0, 3.0, 2.0, 0.0, 0.0, 0.0, 0.0, 0.0, 7.0]
[32.0, 2.0, 3.0, 2.0, 1.5, 1.0, 2.0, 2.0, 2.0, 3.0, 15.0, 10.0, 2.0, 10.0, 3.0, 12.0, 5.0, 75.5]
[36.0, 2.0, 3.0, 1.0, 0.0, 1.0, 1.0, 0.0, 2.0, 3.0, 13.0, 9.0, 2.0, 10.0, 3.0, 16.0, 13.0, 79.0]
[37.0, 2.0, 3.0, 1.0, 0.0, 0.0, 2.0, 0.0, 2.0, 0.0, 8.0, 1.0, 0.0, 0.0, 0.0, 0.0, 0.0, 19.0]
[39.0, 2.0, 3.0, 2.0, 0.0, 0.0, 0.0, 0.0, 2.0, 0.0, 3.0, 4.0, 0.0, 0.0, 0.0, 10.0, 15.0, 41.0]
[41.0, 2.0, 3.0, 2.0, 3.0, 1.0, 2.0, 2.0, 2.0, 3.0, 13.0, 10.0, 2.0, 10.0, 3.0, 25.0, 15.0, 98.0]
[44.0, 2.0, 3.0, 1.0, 2.0, 1.0, 2.0, 2.0, 2.0, 3.0, 3.0, 7.0, 0.0, 5.0, 3.0, 4.0, 10.0, 50.0]
[46.0, 2.0, 3.0, 1.0, 0.0, 1.0, 2.0, 0.0, 0.0, 0.0, 2.0, 1.0, 0.0, 0.0, 0.0, 0.0, 0.0, 12.0]
[48.0, 2.0, 3.0, 2.0, 3.0, 1.0, 2.0, 2.0, 2.0, 3.0, 15.0, 7.0, 0.0, 2.5, 2.0, 10.0, 15.0, 71.5]
[51.0, 1.5, 0.0, 0.0, 0.0, 1.0, 2.0, 2.0, 2.0, 0.0, 0.0, 0.0, 0.0, 0.0, 0.0, 0.0, 0.0, 8.5]
[53.0, 1.0, 3.0, 1.0, 1.0, 1.0, 2.0, 2.0, 2.0, 3.0, 15.0, 7.0, 1.0, 8.0, 1.5, 12.0, 10.0, 70.5]
[3.0, 2.0, 3.0, 1.0, 2.0, 1.0, 2.0, 2.0, 2.0, 3.0, 15.0, 10.0, 1.0, 5.0, 3.0, 18.0, 15.0, 85.0]
[6.0, 2.0, 3.0, 2.0, 3.0, 1.0, 2.0, 2.0, 0.0, 3.0, 15.0, 7.0, 2.0, 9.0, 3.0, 13.0, 15.0, 82.0]
[7.0, 2.0, 3.0, 1.0, 1.5, 1.0, 2.0, 0.0, 0.0, 3.0, 5.0, 4.0, 0.0, 0.0, 3.0, 17.0, 10.0, 52.5]
[10.0, 2.0, 3.0, 2.0, 1.5, 1.0, 2.0, 0.0, 2.0, 3.0, 11.0, 1.0, 2.0, 10.0, 1.5, 7.0, 10.0, 59.0]
[13.0, 2.0, 3.0, 2.0, 1.5, 1.0, 2.0, 2.0, 2.0, 3.0, 14.5, 10.0, 2.0, 2.0, 3.0, 25.0, 15.0, 90.0]
[3.0, 2.0, 3.0, 1.0, 2.0, 1.0, 2.0, 2.0, 2.0, 3.0, 15.0, 10.0, 1.0, 5.0, 3.0, 18.0, 15.0, 85.0]
[6.0, 2.0, 3.0, 2.0, 3.0, 1.0, 2.0, 2.0, 0.0, 3.0, 15.0, 7.0, 2.0, 9.0, 3.0, 13.0, 15.0, 82.0]
[7.0, 2.0, 3.0, 1.0, 1.5, 1.0, 2.0, 0.0, 0.0, 3.0, 5.0, 4.0, 0.0, 0.0, 3.0, 17.0, 10.0, 52.5]
[10.0, 2.0, 3.0, 2.0, 1.5, 1.0, 2.0, 0.0, 2.0, 3.0, 11.0, 1.0, 2.0, 10.0, 1.5, 7.0, 10.0, 59.0]
[13.0, 2.0, 3.0, 2.0, 1.5, 1.0, 2.0, 2.0, 2.0, 3.0, 14.5, 10.0, 2.0, 2.0, 3.0, 25.0, 15.0, 90.0]
[3.0, 2.0, 3.0, 1.0, 2.0, 1.0, 2.0, 2.0, 2.0, 3.0, 15.0, 10.0, 1.0, 5.0, 3.0, 18.0, 15.0, 85.0]
[6.0, 2.0, 3.0, 2.0, 3.0, 1.0, 2.0, 2.0, 0.0, 3.0, 15.0, 7.0, 2.0, 9.0, 3.0, 13.0, 15.0, 82.0]
[7.0, 2.0, 3.0, 1.0, 1.5, 1.0, 2.0, 0.0, 0.0, 3.0, 5.0, 4.0, 0.0, 0.0, 3.0, 17.0, 10.0, 52.5]
[10.0, 2.0, 3.0, 2.0, 1.5, 1.0, 2.0, 0.0, 2.0, 3.0, 11.0, 1.0, 2.0, 10.0, 1.5, 7.0, 10.0, 59.0]
[13.0, 2.0, 3.0, 2.0, 1.5, 1.0, 2.0, 2.0, 2.0, 3.0, 14.5, 10.0, 2.0, 2.0, 3.0, 25.0, 15.0, 90.0]
[15.0, 2.0, 3.0, 1.0, 2.0, 1.0, 2.0, 2.0, 2.0, 3.0, 15.0, 10.0, 2.0, 4.0, 1.5, 2.0, 15.0, 67.5]
[16.0, 2.0, 3.0, 1.0, 0.0, 1.0, 2.0, 2.0, 2.0, 3.0, 3.0, 9.0, 1.0, 0.0, 3.0, 20.0, 15.0, 67.0]
[17.0, 2.0, 3.0, 1.0, 2.0, 1.0, 2.0, 2.0, 2.0, 3.0, 15.0, 10.0, 2.0, 10.0, 3.0, 24.0, 15.0, 97.0]
[18.0, 1.0, 3.0, 2.0, 3.0, 1.0, 2.0, 2.0, 2.0, 3.0, 15.0, 7.0, 2.0, 2.5, 1.5, 5.0, 10.0, 62.0]
[20.0, 2.0, 3.0, 2.0, 0.0, 1.0, 2.0, 2.0, 2.0, 1.5, 15.0, 10.0, 0.0, 0.0, 3.0, 5.0, 10.0, 58.5]
[24.0, 2.0, 3.0, 1.0, 1.5, 1.0, 2.0, 2.0, 2.0, 3.0, 11.0, 1.0, 0.0, 0.0, 3.0, 0.0, 0.0, 32.5]
[27.0, 2.0, 3.0, 1.0, 2.0, 1.0, 2.0, 0.0, 2.0, 3.0, 15.0, 9.0, 0.0, 0.0, 0.0, 24.5, 10.0, 74.5]
[28.0, 2.0, 3.0, 1.0, 2.0, 1.0, 2.0, 2.0, 2.0, 0.0, 15.0, 8.5, 2.0, 4.0, 3.0, 19.0, 13.0, 79.5]
[3.0, 2.0, 3.0, 1.0, 2.0, 1.0, 2.0, 2.0, 2.0, 3.0, 15.0, 10.0, 1.0, 5.0, 3.0, 18.0, 15.0, 85.0]
[6.0, 2.0, 3.0, 2.0, 3.0, 1.0, 2.0, 2.0, 0.0, 3.0, 15.0, 7.0, 2.0, 9.0, 3.0, 13.0, 15.0, 82.0]
[7.0, 2.0, 3.0, 1.0, 1.5, 1.0, 2.0, 0.0, 0.0, 3.0, 5.0, 4.0, 0.0, 0.0, 3.0, 17.0, 10.0, 52.5]
